  0.00000000   0.00000000
  0.23747268   0.00834853
  0.47215852   0.01430447
  0.80306071   0.02061402
  1.25868154   0.02729572
  1.88476980   0.03436872
  2.76838136   0.04185286
  4.01200104   0.04976856
  5.69388199   0.05813681
  7.82810783   0.06697917
 10.25791931   0.07631764
 12.60540676   0.08617467
 14.43957806   0.09657306
 15.52877617   0.10753585
 15.89257050   0.11908627
 15.68847370   0.13124755
 15.10027885   0.14404294
 14.28350925   0.15749535
 13.35174847   0.17162743
 12.38094521   0.18646124
 11.41860580   0.20201805
 10.49252892   0.21831831
  9.61755753   0.23538123
  8.80035114   0.25322467
  8.04257584   0.27186483
  7.34297419   0.29131603
  6.69868612   0.31159049
  6.10606241   0.33269805
  5.56116438   0.35464570
  5.06006002   0.37743765
  4.59899426   0.40107477
  4.17447948   0.42555457
  3.78334022   0.45087081
  3.42273235   0.47701332
  3.09014297   0.50396776
  2.78338742   0.53171557
  2.50060058   0.56023383
  2.24022937   0.58949494
  2.00102687   0.61946702
  1.78204417   0.65011358
  1.58262444   0.68139362
  1.40238750   0.71326184
  1.24120510   0.74566901
  1.09915864   0.77856171
  0.97647351   0.81188303
  0.87343264   0.84557295
  0.79027963   0.87956846
  0.72713268   0.91380417
  0.68393445   0.94821292
  0.66045064   0.98272598
  0.66045374   1.01727390
  0.68394393   1.05178702
  0.72714913   1.08619571
  0.79030395   1.12043154
  0.87346601   1.15442705
  0.97651732   1.18811703
  1.09921467   1.22143841
  1.24127507   1.25433111
  1.40247333   1.28673816
  1.58272815   1.31860638
  1.78216744   1.34988642
  2.00117063   1.38053298
  2.24039483   1.41050506
  2.50078702   1.43976617
  2.78359389   1.46828437
  3.09036684   1.49603224
  3.42296958   1.52298665
  3.78358602   1.54912925
  4.17472696   1.57444549
  4.59923649   1.59892523
  5.06028795   1.62256241
  5.56136990   1.64535427
  6.10623694   1.66730189
  6.69882297   1.68840957
  7.34306669   1.70868397
  8.04262066   1.72813511
  8.80034638   1.74677539
  9.61750412   1.76461875
 10.49243069   1.78168166
 11.41847038   1.79798198
 12.38077927   1.81353879
 13.35156155   1.82837260
 14.28330994   1.84250474
 15.10007286   1.85595703
 15.68826389   1.86875248
 15.89235783   1.88091373
 15.52856159   1.89246416
 14.43936443   1.90342689
 12.60520649   1.91382527
 10.25775051   1.92368233
  7.82797861   1.93302083
  5.69379139   1.94186318
  4.01194048   1.95023143
  2.76834226   1.95814717
  1.88474500   1.96563125
  1.25866556   1.97270429
  0.80305052   1.97938597
  0.47215247   1.98569560
  0.23746973   1.99165153
  0.08170931   1.99727166
  0.00000000   2.00000000
