  0.00000000   0.00000000
  0.00407792   0.00834853
  0.01490411   0.01430447
  0.03663852   0.02061402
  0.07495755   0.02729572
  0.13781422   0.03436872
  0.23581089   0.04185286
  0.38197142   0.04976856
  0.58912402   0.05813681
  0.86169571   0.06697917
  1.18330467   0.07631764
  1.51532125   0.08617467
  1.81698835   0.09657306
  2.06487298   0.10753585
  2.25390863   0.11908627
  2.38943672   0.13124755
  2.48043370   0.14404294
  2.53595781   0.15749535
  2.56378651   0.17162743
  2.57013273   0.18646124
  2.55978370   0.20201805
  2.53636479   0.21831831
  2.50260067   0.23538123
  2.46053576   0.25322467
  2.41170812   0.27186483
  2.35728168   0.29131603
  2.29814506   0.31159049
  2.23498535   0.33269805
  2.16834402   0.35464570
  2.09865808   0.37743765
  2.02629352   0.40107477
  1.95156968   0.42555457
  1.87478209   0.45087081
  1.79621971   0.47701332
  1.71618259   0.50396776
  1.63499844   0.53171557
  1.55303991   0.56023383
  1.47074318   0.58949494
  1.38862920   0.61946702
  1.30732548   0.65011358
  1.22759032   0.68139362
  1.15033448   0.71326184
  1.07663608   0.74566901
  1.00774205   0.77856171
  0.94504243   0.81188303
  0.89000821   0.84557295
  0.84408706   0.87956846
  0.80856746   0.91380417
  0.78444088   0.94821292
  0.77230072   0.98272598
  0.77230275   1.01727390
  0.78444701   1.05178702
  0.80857789   1.08619571
  0.84410191   1.12043154
  0.89002782   1.15442705
  0.94506717   1.18811703
  1.00777233   1.22143841
  1.07667220   1.25433111
  1.15037692   1.28673816
  1.22763944   1.31860638
  1.30738139   1.34988642
  1.38869190   1.38053298
  1.47081268   1.41050506
  1.55311573   1.43976617
  1.63507986   1.46828437
  1.71626866   1.49603224
  1.79630888   1.52298665
  1.87487292   1.54912925
  1.95166051   1.57444549
  2.02638245   1.59892523
  2.09874320   1.62256241
  2.16842318   1.64535427
  2.23505712   1.66730189
  2.29820776   1.68840957
  2.35733461   1.70868397
  2.41175032   1.72813511
  2.46056724   1.74677539
  2.50262165   1.76461875
  2.53637552   1.78168166
  2.55978513   1.79798198
  2.57012606   1.81353879
  2.56377339   1.82837260
  2.53593898   1.84250474
  2.48041105   1.85595703
  2.38941121   1.86875248
  2.25388169   1.88091373
  2.06484556   1.89246416
  1.81696153   1.90342689
  1.51529682   1.91382527
  1.18328440   1.92368233
  0.86168057   1.93302083
  0.58911383   1.94186318
  0.38196501   1.95023143
  0.23580702   1.95814717
  0.13781197   1.96563125
  0.07495629   1.97270429
  0.03663788   1.97938597
  0.01490384   1.98569560
  0.00407783   1.99165153
  0.00022946   1.99727166
  0.00000000   2.00000000
