  0.00000000   0.00000000
  0.91492575   0.00834853
  1.56263423   0.01430447
  2.24435997   0.02061402
  2.96101642   0.02729572
  3.71306825   0.03436872
  4.50002861   0.04185286
  5.31933212   0.04976856
  6.16388464   0.05813681
  7.01830625   0.06697917
  7.85765934   0.07631764
  8.65477276   0.08617467
  9.39160156   0.09657306
 10.06265831   0.10753585
 10.67081261   0.11908627
 11.22255135   0.13124755
 11.72523499   0.14404294
 12.18585777   0.15749535
 12.61059761   0.17162743
 13.00472450   0.18646124
 13.37265015   0.20201805
 13.71803761   0.21831831
 14.04391289   0.23538123
 14.35276985   0.25322467
 14.64666176   0.27186483
 14.92727852   0.29131603
 15.19600677   0.31159049
 15.45398045   0.33269805
 15.70212078   0.35464570
 15.94116497   0.37743765
 16.17169762   0.40107477
 16.39415932   0.42555457
 16.60886955   0.45087081
 16.81603241   0.47701332
 17.01573563   0.50396776
 17.20796585   0.53171557
 17.39259529   0.56023383
 17.56937790   0.58949494
 17.73794365   0.61946702
 17.89779091   0.65011358
 18.04826546   0.68139362
 18.18854904   0.71326184
 18.31766510   0.74566901
 18.43447495   0.77856171
 18.53771973   0.81188303
 18.62608528   0.84557295
 18.69830322   0.87956846
 18.75328445   0.91380417
 18.79023361   0.94821292
 18.80873108   0.98272598
 18.80873108   1.01727390
 18.79023552   1.05178702
 18.75328445   1.08619571
 18.69830513   1.12043154
 18.62608719   1.15442705
 18.53772163   1.18811703
 18.43447495   1.22143841
 18.31766510   1.25433111
 18.18854904   1.28673816
 18.04826355   1.31860638
 17.89778900   1.34988642
 17.73793983   1.38053298
 17.56936836   1.41050506
 17.39258194   1.43976617
 17.20795059   1.46828437
 17.01571465   1.49603224
 16.81600571   1.52298665
 16.60884094   1.54912925
 16.39412498   1.57444549
 16.17165947   1.59892523
 15.94112682   1.62256241
 15.70208168   1.64535427
 15.45394325   1.66730189
 15.19597244   1.68840957
 14.92724895   1.70868397
 14.64663887   1.72813511
 14.35275459   1.74677539
 14.04390621   1.76461875
 13.71804142   1.78168166
 13.37266350   1.79798198
 13.00474739   1.81353879
 12.61063004   1.82837260
 12.18589687   1.84250474
 11.72528076   1.85595703
 11.22260189   1.86875248
 10.67086506   1.88091373
 10.06271172   1.89246416
  9.39165402   1.90342689
  8.65482330   1.91382527
  7.85770702   1.92368233
  7.01835108   1.93302083
  6.16392660   1.94186318
  5.31937027   1.95023143
  4.50006247   1.95814717
  3.71309710   1.96563125
  2.96104026   1.97270429
  2.24437833   1.97938597
  1.56264710   1.98569560
  0.91493332   1.99165153
  0.30010989   1.99727166
  0.00000000   2.00000000
